# created Wed Jun  8 18:49:06 2016
# by Framsticks 4.3
org:
name:Snake17
genotype:~
X[Sin][-1:0.891, =:0.834][|-1:-1][|-2:1]X[|-2:1, !:01, s:0][|-2:1.588, !:.01]X[|-2:1, !:.01][|-2:1, !:.01]X[|-2:1.669, !:.01][|-2:1.512, !:.01]X[|-2:1, !:.01][|-2:-4.538, !:.01]RX[|-1:2.485][|-3:1, 1:-5.351][|-3:1, !:0.102, -9:1]RRX[|-2:1, !:.01][|-2:3.348,!:.01]~
info:(manually created)
energy0:1.0
numparts:8
numjoints:7
numneurons:32
numconnections:33
num:1
gnum:0
instances:2
lifespan:5058.0
velocity:0.00510253347857652
distance:25.8038291646488
vertvel:0.00123472991034287
vertpos:0.144759150521255
user1:@Serialized:null
user2:@Serialized:null
user3:@Serialized:null
is_valid:1
uid:g1

org:
name:Snake
genotype:~
X[Sin][-1:0.891,=:0.834][|-1:-1][|-2:1]X[|-2:1,!:01][|-2:1,!:.01]X[|-2:1,!:.01][|-2:1,!:.01]X[|-2:1,!:.01][|-2:0.887,!:.01]X[|-2:1,!:.01][|-2:-2.729,!:.01]X[|-1:3.077][|-3:1,1:-5.351][|-3:1,!:0.102]X[|-2:1,!:.01][|-2:1,!:.01]~
info:(manually created)
energy0:1.0
numparts:8
numjoints:7
numneurons:32
numconnections:32
num:1
gnum:0
instances:0
lifespan:0.0
velocity:0.0
distance:0.0
vertvel:0.0
vertpos:0.0
user1:@Serialized:null
user2:@Serialized:null
user3:@Serialized:null
is_valid:1
uid:g2

